12.713,43.166,1.9,2005-04-16 05:52:39, 9.3, 1,1592279
12.717,43.167,1.2,2005-04-16 00:39:04, 3.4, 1,1592239
12.717,43.167,1.2,2005-04-16 00:39:04, 3.4, 1,1592239
14.853,41.704,1.3,2005-04-16 01:59:16,20.2, 1,1592259
 7.421,46.052,1.9,2005-04-16 16:35:43,12.5, 1,1592309
12.390,42.672,1.7,2005-04-16 01:59:20, 9.6, 1,1592249
12.713,43.166,1.9,2005-04-16 05:52:39, 9.3, 1,1592279
12.369,42.675,1.4,2005-04-16 02:02:25, 7.1, 1,1592269
14.189,41.677,0.9,2005-04-16 00:16:02, 8.6, 1,1592229
12.713,43.166,1.9,2005-04-16 05:52:39, 9.3, 1,1592279
12.717,43.167,1.2,2005-04-16 00:39:04, 3.4, 1,1592239
12.713,43.166,1.9,2005-04-16 05:52:39, 9.3, 1,1592279
12.369,42.675,1.4,2005-04-16 02:02:25, 7.1, 1,1592269
14.853,41.704,1.3,2005-04-16 01:59:16,20.2, 1,1592259
12.390,42.672,1.7,2005-04-16 01:59:20, 9.6, 1,1592249
12.369,42.675,1.4,2005-04-16 02:02:25, 7.1, 1,1592269
12.369,42.675,1.4,2005-04-16 02:02:25, 7.1, 1,1592269
14.189,41.677,0.9,2005-04-16 00:16:02, 8.6, 1,1592229
12.713,43.166,1.9,2005-04-16 05:52:39, 9.3, 1,1592279
12.390,42.672,1.7,2005-04-16 01:59:20, 9.6, 1,1592249
12.713,43.166,1.9,2005-04-16 05:52:39, 9.3, 1,1592279
12.390,42.672,1.7,2005-04-16 01:59:20, 9.6, 1,1592249
12.717,43.167,1.2,2005-04-16 00:39:04, 3.4, 1,1592239
12.713,43.166,1.9,2005-04-16 05:52:39, 9.3, 2,1592279
14.189,41.677,0.9,2005-04-16 00:16:02, 8.6, 2,1592229
12.717,43.167,1.2,2005-04-16 00:39:04, 3.4, 2,1592239
12.390,42.672,1.7,2005-04-16 01:59:20, 9.6, 2,1592249
12.713,43.166,1.9,2005-04-16 05:52:39, 9.3, 2,1592279
12.390,42.672,1.7,2005-04-16 01:59:20, 9.6, 2,1592249
 7.421,46.052,1.9,2005-04-16 16:35:43,12.5, 2,1592309
14.853,41.704,1.3,2005-04-16 01:59:16,20.2, 2,1592259
12.717,43.167,1.2,2005-04-16 00:39:04, 3.4, 2,1592239
12.713,43.166,1.9,2005-04-16 05:52:39, 9.3, 2,1592279
12.717,43.167,1.2,2005-04-16 00:39:04, 3.4, 2,1592239
12.717,43.167,1.2,2005-04-16 00:39:04, 3.4, 2,1592239
12.369,42.675,1.4,2005-04-16 02:02:25, 7.1, 2,1592269
12.390,42.672,1.7,2005-04-16 01:59:20, 9.6, 2,1592249
12.390,42.672,1.7,2005-04-16 01:59:20, 9.6, 2,1592249
12.390,42.672,1.7,2005-04-16 01:59:20, 9.6, 2,1592249
12.390,42.672,1.7,2005-04-16 01:59:20, 9.6, 2,1592249
14.853,41.704,1.3,2005-04-16 01:59:16,20.2, 2,1592259
14.853,41.704,1.3,2005-04-16 01:59:16,20.2, 2,1592259
14.853,41.704,1.3,2005-04-16 01:59:16,20.2, 2,1592259
14.853,41.704,1.3,2005-04-16 01:59:16,20.2, 2,1592259
14.853,41.704,1.3,2005-04-16 01:59:16,20.2, 2,1592259
14.853,41.704,1.3,2005-04-16 01:59:16,20.2, 2,1592259
12.717,43.167,1.2,2005-04-16 00:39:04, 3.4, 2,1592239
12.717,43.167,1.2,2005-04-16 00:39:04, 3.4, 2,1592239
12.713,43.166,1.9,2005-04-16 05:52:39, 9.3, 2,1592279
14.853,41.704,1.3,2005-04-16 01:59:16,20.2, 2,1592259
14.853,41.704,1.3,2005-04-16 01:59:16,20.2, 2,1592259
12.390,42.672,1.7,2005-04-16 01:59:20, 9.6, 2,1592249
14.853,41.704,1.3,2005-04-16 01:59:16,20.2, 3,1592259
14.853,41.704,1.3,2005-04-16 01:59:16,20.2, 3,1592259
14.189,41.677,0.9,2005-04-16 00:16:02, 8.6, 3,1592229
12.390,42.672,1.7,2005-04-16 01:59:20, 9.6, 3,1592249
12.717,43.167,1.2,2005-04-16 00:39:04, 3.4, 3,1592239
12.369,42.675,1.4,2005-04-16 02:02:25, 7.1, 3,1592269
14.189,41.677,0.9,2005-04-16 00:16:02, 8.6, 3,1592229
12.717,43.167,1.2,2005-04-16 00:39:04, 3.4, 3,1592239
14.189,41.677,0.9,2005-04-16 00:16:02, 8.6, 3,1592229
14.853,41.704,1.3,2005-04-16 01:59:16,20.2, 3,1592259
 7.421,46.052,1.9,2005-04-16 16:35:43,12.5, 3,1592309
14.853,41.704,1.3,2005-04-16 01:59:16,20.2, 3,1592259
12.713,43.166,1.9,2005-04-16 05:52:39, 9.3, 3,1592279
12.713,43.166,1.9,2005-04-16 05:52:39, 9.3, 3,1592279
12.390,42.672,1.7,2005-04-16 01:59:20, 9.6, 3,1592249
12.713,43.166,1.9,2005-04-16 05:52:39, 9.3, 3,1592279
12.713,43.166,1.9,2005-04-16 05:52:39, 9.3, 3,1592279
12.369,42.675,1.4,2005-04-16 02:02:25, 7.1, 3,1592269
12.713,43.166,1.9,2005-04-16 05:52:39, 9.3, 3,1592279
14.189,41.677,0.9,2005-04-16 00:16:02, 8.6, 3,1592229
12.390,42.672,1.7,2005-04-16 01:59:20, 9.6, 3,1592249
12.713,43.166,1.9,2005-04-16 05:52:39, 9.3, 3,1592279
12.713,43.166,1.9,2005-04-16 05:52:39, 9.3, 3,1592279
12.713,43.166,1.9,2005-04-16 05:52:39, 9.3, 3,1592279
14.853,41.704,1.3,2005-04-16 01:59:16,20.2, 3,1592259
12.369,42.675,1.4,2005-04-16 02:02:25, 7.1, 3,1592269
12.390,42.672,1.7,2005-04-16 01:59:20, 9.6, 4,1592249
 7.421,46.052,1.9,2005-04-16 16:35:43,12.5, 4,1592309
 7.421,46.052,1.9,2005-04-16 16:35:43,12.5, 4,1592309
14.853,41.704,1.3,2005-04-16 01:59:16,20.2, 4,1592259
12.713,43.166,1.9,2005-04-16 05:52:39, 9.3, 4,1592279
12.390,42.672,1.7,2005-04-16 01:59:20, 9.6, 4,1592249
14.853,41.704,1.3,2005-04-16 01:59:16,20.2, 4,1592259
12.390,42.672,1.7,2005-04-16 01:59:20, 9.6, 4,1592249
12.390,42.672,1.7,2005-04-16 01:59:20, 9.6, 4,1592249
12.713,43.166,1.9,2005-04-16 05:52:39, 9.3, 4,1592279
 7.421,46.052,1.9,2005-04-16 16:35:43,12.5, 4,1592309
12.369,42.675,1.4,2005-04-16 02:02:25, 7.1, 4,1592269
14.853,41.704,1.3,2005-04-16 01:59:16,20.2, 4,1592259
12.713,43.166,1.9,2005-04-16 05:52:39, 9.3, 4,1592279
14.189,41.677,0.9,2005-04-16 00:16:02, 8.6, 4,1592229
 7.421,46.052,1.9,2005-04-16 16:35:43,12.5, 4,1592309
14.853,41.704,1.3,2005-04-16 01:59:16,20.2, 4,1592259
14.853,41.704,1.3,2005-04-16 01:59:16,20.2, 4,1592259
12.713,43.166,1.9,2005-04-16 05:52:39, 9.3, 4,1592279
12.390,42.672,1.7,2005-04-16 01:59:20, 9.6, 4,1592249
14.853,41.704,1.3,2005-04-16 01:59:16,20.2, 4,1592259
14.189,41.677,0.9,2005-04-16 00:16:02, 8.6, 4,1592229
12.369,42.675,1.4,2005-04-16 02:02:25, 7.1, 4,1592269
14.189,41.677,0.9,2005-04-16 00:16:02, 8.6, 4,1592229
14.853,41.704,1.3,2005-04-16 01:59:16,20.2, 4,1592259
14.189,41.677,0.9,2005-04-16 00:16:02, 8.6, 4,1592229
14.853,41.704,1.3,2005-04-16 01:59:16,20.2, 4,1592259
14.189,41.677,0.9,2005-04-16 00:16:02, 8.6, 4,1592229
12.390,42.672,1.7,2005-04-16 01:59:20, 9.6, 4,1592249
12.717,43.167,1.2,2005-04-16 00:39:04, 3.4, 4,1592239
12.717,43.167,1.2,2005-04-16 00:39:04, 3.4, 4,1592239
12.369,42.675,1.4,2005-04-16 02:02:25, 7.1, 4,1592269
14.853,41.704,1.3,2005-04-16 01:59:16,20.2, 4,1592259
 7.421,46.052,1.9,2005-04-16 16:35:43,12.5, 4,1592309
14.853,41.704,1.3,2005-04-16 01:59:16,20.2, 4,1592259
14.189,41.677,0.9,2005-04-16 00:16:02, 8.6, 4,1592229
 7.421,46.052,1.9,2005-04-16 16:35:43,12.5, 5,1592309
 7.421,46.052,1.9,2005-04-16 16:35:43,12.5, 5,1592309
12.390,42.672,1.7,2005-04-16 01:59:20, 9.6, 5,1592249
12.713,43.166,1.9,2005-04-16 05:52:39, 9.3, 5,1592279
14.853,41.704,1.3,2005-04-16 01:59:16,20.2, 5,1592259
14.853,41.704,1.3,2005-04-16 01:59:16,20.2, 5,1592259
12.390,42.672,1.7,2005-04-16 01:59:20, 9.6, 5,1592249
12.390,42.672,1.7,2005-04-16 01:59:20, 9.6, 5,1592249
12.717,43.167,1.2,2005-04-16 00:39:04, 3.4, 5,1592239
12.713,43.166,1.9,2005-04-16 05:52:39, 9.3, 5,1592279
12.713,43.166,1.9,2005-04-16 05:52:39, 9.3, 5,1592279
12.369,42.675,1.4,2005-04-16 02:02:25, 7.1, 5,1592269
14.853,41.704,1.3,2005-04-16 01:59:16,20.2, 5,1592259
12.717,43.167,1.2,2005-04-16 00:39:04, 3.4, 5,1592239
12.713,43.166,1.9,2005-04-16 05:52:39, 9.3, 5,1592279
14.853,41.704,1.3,2005-04-16 01:59:16,20.2, 5,1592259
12.390,42.672,1.7,2005-04-16 01:59:20, 9.6, 5,1592249
14.189,41.677,0.9,2005-04-16 00:16:02, 8.6, 5,1592229
12.369,42.675,1.4,2005-04-16 02:02:25, 7.1, 5,1592269
12.369,42.675,1.4,2005-04-16 02:02:25, 7.1, 5,1592269
12.717,43.167,1.2,2005-04-16 00:39:04, 3.4, 5,1592239
12.369,42.675,1.4,2005-04-16 02:02:25, 7.1, 5,1592269
12.390,42.672,1.7,2005-04-16 01:59:20, 9.6, 5,1592249
12.369,42.675,1.4,2005-04-16 02:02:25, 7.1, 5,1592269
12.369,42.675,1.4,2005-04-16 02:02:25, 7.1, 5,1592269
14.853,41.704,1.3,2005-04-16 01:59:16,20.2, 6,1592259
 7.421,46.052,1.9,2005-04-16 16:35:43,12.5, 6,1592309
12.713,43.166,1.9,2005-04-16 05:52:39, 9.3, 6,1592279
12.713,43.166,1.9,2005-04-16 05:52:39, 9.3, 6,1592279
14.853,41.704,1.3,2005-04-16 01:59:16,20.2, 6,1592259
12.717,43.167,1.2,2005-04-16 00:39:04, 3.4, 6,1592239
12.717,43.167,1.2,2005-04-16 00:39:04, 3.4, 6,1592239
12.717,43.167,1.2,2005-04-16 00:39:04, 3.4, 6,1592239
14.189,41.677,0.9,2005-04-16 00:16:02, 8.6, 6,1592229
12.390,42.672,1.7,2005-04-16 01:59:20, 9.6, 6,1592249
14.853,41.704,1.3,2005-04-16 01:59:16,20.2, 6,1592259
12.390,42.672,1.7,2005-04-16 01:59:20, 9.6, 6,1592249
 7.421,46.052,1.9,2005-04-16 16:35:43,12.5, 6,1592309
12.713,43.166,1.9,2005-04-16 05:52:39, 9.3, 6,1592279
14.189,41.677,0.9,2005-04-16 00:16:02, 8.6, 6,1592229
14.189,41.677,0.9,2005-04-16 00:16:02, 8.6, 6,1592229
14.189,41.677,0.9,2005-04-16 00:16:02, 8.6, 6,1592229
12.717,43.167,1.2,2005-04-16 00:39:04, 3.4, 6,1592239
12.369,42.675,1.4,2005-04-16 02:02:25, 7.1, 6,1592269
 7.421,46.052,1.9,2005-04-16 16:35:43,12.5, 6,1592309
12.717,43.167,1.2,2005-04-16 00:39:04, 3.4, 6,1592239
12.369,42.675,1.4,2005-04-16 02:02:25, 7.1, 6,1592269
12.713,43.166,1.9,2005-04-16 05:52:39, 9.3, 6,1592279
12.713,43.166,1.9,2005-04-16 05:52:39, 9.3, 6,1592279
12.713,43.166,1.9,2005-04-16 05:52:39, 9.3, 6,1592279
12.717,43.167,1.2,2005-04-16 00:39:04, 3.4, 6,1592239
 7.421,46.052,1.9,2005-04-16 16:35:43,12.5, 6,1592309
12.390,42.672,1.7,2005-04-16 01:59:20, 9.6, 7,1592249
12.717,43.167,1.2,2005-04-16 00:39:04, 3.4, 7,1592239
12.717,43.167,1.2,2005-04-16 00:39:04, 3.4, 7,1592239
12.713,43.166,1.9,2005-04-16 05:52:39, 9.3, 7,1592279
14.853,41.704,1.3,2005-04-16 01:59:16,20.2, 7,1592259
14.853,41.704,1.3,2005-04-16 01:59:16,20.2, 7,1592259
12.390,42.672,1.7,2005-04-16 01:59:20, 9.6, 7,1592249
12.713,43.166,1.9,2005-04-16 05:52:39, 9.3, 7,1592279
 7.421,46.052,1.9,2005-04-16 16:35:43,12.5, 7,1592309
14.189,41.677,0.9,2005-04-16 00:16:02, 8.6, 7,1592229
12.369,42.675,1.4,2005-04-16 02:02:25, 7.1, 7,1592269
14.189,41.677,0.9,2005-04-16 00:16:02, 8.6, 7,1592229
 7.421,46.052,1.9,2005-04-16 16:35:43,12.5, 7,1592309
12.390,42.672,1.7,2005-04-16 01:59:20, 9.6, 7,1592249
12.390,42.672,1.7,2005-04-16 01:59:20, 9.6, 7,1592249
12.369,42.675,1.4,2005-04-16 02:02:25, 7.1, 7,1592269
12.717,43.167,1.2,2005-04-16 00:39:04, 3.4, 7,1592239
12.713,43.166,1.9,2005-04-16 05:52:39, 9.3, 7,1592279
12.713,43.166,1.9,2005-04-16 05:52:39, 9.3, 7,1592279
12.717,43.167,1.2,2005-04-16 00:39:04, 3.4, 7,1592239
12.390,42.672,1.7,2005-04-16 01:59:20, 9.6, 7,1592249
12.717,43.167,1.2,2005-04-16 00:39:04, 3.4, 7,1592239
 7.421,46.052,1.9,2005-04-16 16:35:43,12.5, 7,1592309
12.713,43.166,1.9,2005-04-16 05:52:39, 9.3, 7,1592279
 7.421,46.052,1.9,2005-04-16 16:35:43,12.5, 7,1592309
12.369,42.675,1.4,2005-04-16 02:02:25, 7.1, 7,1592269
12.369,42.675,1.4,2005-04-16 02:02:25, 7.1, 7,1592269
12.369,42.675,1.4,2005-04-16 02:02:25, 7.1, 7,1592269
14.189,41.677,0.9,2005-04-16 00:16:02, 8.6, 8,1592229
 7.421,46.052,1.9,2005-04-16 16:35:43,12.5, 8,1592309
12.713,43.166,1.9,2005-04-16 05:52:39, 9.3, 8,1592279
12.390,42.672,1.7,2005-04-16 01:59:20, 9.6, 8,1592249
12.369,42.675,1.4,2005-04-16 02:02:25, 7.1, 8,1592269
12.713,43.166,1.9,2005-04-16 05:52:39, 9.3, 8,1592279
12.369,42.675,1.4,2005-04-16 02:02:25, 7.1, 8,1592269
12.717,43.167,1.2,2005-04-16 00:39:04, 3.4, 8,1592239
12.717,43.167,1.2,2005-04-16 00:39:04, 3.4, 8,1592239
12.713,43.166,1.9,2005-04-16 05:52:39, 9.3, 8,1592279
12.390,42.672,1.7,2005-04-16 01:59:20, 9.6, 8,1592249
14.189,41.677,0.9,2005-04-16 00:16:02, 8.6, 8,1592229
14.853,41.704,1.3,2005-04-16 01:59:16,20.2, 8,1592259
12.713,43.166,1.9,2005-04-16 05:52:39, 9.3, 8,1592279
12.390,42.672,1.7,2005-04-16 01:59:20, 9.6, 8,1592249
12.713,43.166,1.9,2005-04-16 05:52:39, 9.3, 8,1592279
12.717,43.167,1.2,2005-04-16 00:39:04, 3.4, 8,1592239
12.713,43.166,1.9,2005-04-16 05:52:39, 9.3, 8,1592279
12.369,42.675,1.4,2005-04-16 02:02:25, 7.1, 8,1592269
12.717,43.167,1.2,2005-04-16 00:39:04, 3.4, 8,1592239
14.189,41.677,0.9,2005-04-16 00:16:02, 8.6, 8,1592229
12.713,43.166,1.9,2005-04-16 05:52:39, 9.3, 8,1592279
12.390,42.672,1.7,2005-04-16 01:59:20, 9.6, 8,1592249
12.713,43.166,1.9,2005-04-16 05:52:39, 9.3, 8,1592279
 7.421,46.052,1.9,2005-04-16 16:35:43,12.5, 8,1592309
14.853,41.704,1.3,2005-04-16 01:59:16,20.2, 8,1592259
12.369,42.675,1.4,2005-04-16 02:02:25, 7.1, 8,1592269
12.713,43.166,1.9,2005-04-16 05:52:39, 9.3, 8,1592279
12.369,42.675,1.4,2005-04-16 02:02:25, 7.1, 9,1592269
14.853,41.704,1.3,2005-04-16 01:59:16,20.2, 9,1592259
14.189,41.677,0.9,2005-04-16 00:16:02, 8.6, 9,1592229
12.717,43.167,1.2,2005-04-16 00:39:04, 3.4, 9,1592239
12.717,43.167,1.2,2005-04-16 00:39:04, 3.4, 9,1592239
12.717,43.167,1.2,2005-04-16 00:39:04, 3.4, 9,1592239
14.853,41.704,1.3,2005-04-16 01:59:16,20.2, 9,1592259
12.717,43.167,1.2,2005-04-16 00:39:04, 3.4, 9,1592239
14.853,41.704,1.3,2005-04-16 01:59:16,20.2, 9,1592259
12.369,42.675,1.4,2005-04-16 02:02:25, 7.1, 9,1592269
12.369,42.675,1.4,2005-04-16 02:02:25, 7.1, 9,1592269
14.853,41.704,1.3,2005-04-16 01:59:16,20.2, 9,1592259
12.713,43.166,1.9,2005-04-16 05:52:39, 9.3, 9,1592279
12.717,43.167,1.2,2005-04-16 00:39:04, 3.4, 9,1592239
12.369,42.675,1.4,2005-04-16 02:02:25, 7.1, 9,1592269
14.189,41.677,0.9,2005-04-16 00:16:02, 8.6, 9,1592229
12.390,42.672,1.7,2005-04-16 01:59:20, 9.6, 9,1592249
12.369,42.675,1.4,2005-04-16 02:02:25, 7.1, 9,1592269
 7.421,46.052,1.9,2005-04-16 16:35:43,12.5, 9,1592309
12.390,42.672,1.7,2005-04-16 01:59:20, 9.6, 9,1592249
12.717,43.167,1.2,2005-04-16 00:39:04, 3.4, 9,1592239
14.189,41.677,0.9,2005-04-16 00:16:02, 8.6, 9,1592229
12.713,43.166,1.9,2005-04-16 05:52:39, 9.3, 9,1592279
 7.421,46.052,1.9,2005-04-16 16:35:43,12.5, 9,1592309
12.390,42.672,1.7,2005-04-16 01:59:20, 9.6, 9,1592249
12.717,43.167,1.2,2005-04-16 00:39:04, 3.4, 9,1592239
12.713,43.166,1.9,2005-04-16 05:52:39, 9.3, 9,1592279
 7.421,46.052,1.9,2005-04-16 16:35:43,12.5, 9,1592309
14.189,41.677,0.9,2005-04-16 00:16:02, 8.6, 9,1592229
12.713,43.166,1.9,2005-04-16 05:52:39, 9.3, 9,1592279
12.717,43.167,1.2,2005-04-16 00:39:04, 3.4, 9,1592239
12.717,43.167,1.2,2005-04-16 00:39:04, 3.4,10,1592239
 7.421,46.052,1.9,2005-04-16 16:35:43,12.5,10,1592309
12.369,42.675,1.4,2005-04-16 02:02:25, 7.1,10,1592269
12.369,42.675,1.4,2005-04-16 02:02:25, 7.1,10,1592269
14.853,41.704,1.3,2005-04-16 01:59:16,20.2,10,1592259
12.713,43.166,1.9,2005-04-16 05:52:39, 9.3,10,1592279
12.390,42.672,1.7,2005-04-16 01:59:20, 9.6,10,1592249
12.717,43.167,1.2,2005-04-16 00:39:04, 3.4,10,1592239
12.369,42.675,1.4,2005-04-16 02:02:25, 7.1,10,1592269
14.853,41.704,1.3,2005-04-16 01:59:16,20.2,10,1592259
 7.421,46.052,1.9,2005-04-16 16:35:43,12.5,10,1592309
14.189,41.677,0.9,2005-04-16 00:16:02, 8.6,10,1592229
14.853,41.704,1.3,2005-04-16 01:59:16,20.2,10,1592259
14.853,41.704,1.3,2005-04-16 01:59:16,20.2,10,1592259
14.853,41.704,1.3,2005-04-16 01:59:16,20.2,10,1592259
12.369,42.675,1.4,2005-04-16 02:02:25, 7.1,10,1592269
12.713,43.166,1.9,2005-04-16 05:52:39, 9.3,10,1592279
14.853,41.704,1.3,2005-04-16 01:59:16,20.2,10,1592259
12.713,43.166,1.9,2005-04-16 05:52:39, 9.3,10,1592279
14.853,41.704,1.3,2005-04-16 01:59:16,20.2,10,1592259
12.390,42.672,1.7,2005-04-16 01:59:20, 9.6,10,1592249
12.390,42.672,1.7,2005-04-16 01:59:20, 9.6,10,1592249
14.853,41.704,1.3,2005-04-16 01:59:16,20.2,10,1592259
 7.421,46.052,1.9,2005-04-16 16:35:43,12.5,10,1592309
12.369,42.675,1.4,2005-04-16 02:02:25, 7.1,10,1592269
14.853,41.704,1.3,2005-04-16 01:59:16,20.2,10,1592259
14.853,41.704,1.3,2005-04-16 01:59:16,20.2,10,1592259
12.390,42.672,1.7,2005-04-16 01:59:20, 9.6,10,1592249
12.717,43.167,1.2,2005-04-16 00:39:04, 3.4,10,1592239
12.713,43.166,1.9,2005-04-16 05:52:39, 9.3,10,1592279
